insert_new:
1
187, 187, 75
2
262, 187, 75
3
337, 187, 75
4
187, 262, 75
5
262, 262, 75
6
337, 262, 75
7
187, 337, 75
8
262, 337, 75
9
337, 337, 75
insert_new:
10
150, 150, 100
11
250, 150, 100
12
350, 150, 100
13
150, 250, 100
14
250, 250, 100
15
350, 250, 100
16
150, 350, 100
17
250, 350, 100
18
350, 350, 100
insert_new:
19
75, 75, 150
20
225, 75, 150
21
375, 75, 150
22
75, 225, 150
23
225, 225, 150
24
375, 225, 150
25
75, 375, 150
26
225, 375, 150
27
375, 375, 150
insert_new:
28
0, 0, 200
29
200, 0, 200
30
400, 0, 200
31
0, 200, 200
32
200, 200, 200
33
400, 200, 200
34
0, 400, 200
35
200, 400, 200
36
400, 400, 200
